Longitude: -148.095028
Latitude: -17.973211